version https://git-lfs.github.com/spec/v1
oid sha256:e1048556f3ee630a964cf53ac01582c2e03dd821e002b5a0f579817c4993f153
size 1457
